[0.         0.         0.         ... 0.03884888 0.03881836 0.03881836][0.         0.         0.         ... 0.00393677 0.00393677 0.00396729][ 0.          0.          0.         ... -0.00949097 -0.00949097
 -0.00949097][ 0.          0.          0.         ... -0.01519775 -0.01522827
 -0.01522827][ 0.          0.          0.         ... -0.01806641 -0.01806641
 -0.01803589][ 0.          0.          0.         ... -0.01977539 -0.01977539
 -0.01977539][ 0.         0.         0.        ... -0.0211792 -0.0211792 -0.0211792][ 0.          0.          0.         ... -0.02191162 -0.02194214
 -0.02194214][ 0.         0.         0.        ... -0.0227356 -0.0227356 -0.0227356][ 0.          0.          0.         ... -0.02313232 -0.02313232
 -0.02316284][ 0.          0.          0.          0.          0.00030518  0.01419067
 -0.00741577 -0.02020264 -0.02023315 -0.02023315 -0.02023315 -0.02026367
 -0.02026367 -0.02026367 -0.02026367 -0.02029419 -0.02029419 -0.02029419
 -0.02029419 -0.02032471 -0.02032471 -0.02032471 -0.02032471 -0.02032471
 -0.02035522 -0.02035522 -0.02032471 -0.02035522 -0.02035522 -0.02035522
 -0.02038574 -0.02038574 -0.02038574 -0.02038574 -0.02038574 -0.02038574
 -0.02041626 -0.02041626 -0.02041626 -0.02041626 -0.02041626 -0.02041626
 -0.02041626 -0.02041626 -0.02041626 -0.02041626 -0.02041626 -0.02041626
 -0.02041626 -0.02041626 -0.02044678 -0.02044678 -0.02041626 -0.02044678
 -0.02044678 -0.02044678 -0.02044678 -0.02044678 -0.02044678 -0.02044678
 -0.02047729 -0.02047729 -0.02044678 -0.02044678 -0.02044678 -0.02044678
 -0.02044678 -0.02047729 -0.02047729 -0.02047729 -0.02047729 -0.02047729
 -0.02047729 -0.02047729 -0.02047729 -0.02047729 -0.02047729 -0.02047729
 -0.02047729 -0.02047729 -0.02047729 -0.02047729 -0.02047729 -0.02047729
 -0.02047729 -0.02050781 -0.02050781 -0.02050781 -0.02050781 -0.02050781
 -0.02047729 -0.02047729 -0.02047729 -0.02050781 -0.02050781 -0.02050781
 -0.02050781 -0.02047729 -0.02050781 -0.02050781]